teacher,students
Sarah Wong,"Aiden Tan, Bella Lim"
Sarah Wong,Divya Rao
Marcus Lee,Caleb Lim
